INSERT INTO survey (survey_id, survey_name)
VALUES
  (1, '구단 추천 설문');

INSERT INTO question (question_id, content, survey_id)
VALUES
  (1, '삶에서 가장 중요한 것은?', 1),
  (2, '내가 생각했을 땐..', 1),
  (3, '운동할 때 입고 싶은 티셔츠 색은?', 1),
  (4, '축구는 역시 !', 1),
  (5, '나는 과정보다 결과를 중요시 하는 편이다.', 1),
  (6, '이번 휴가 땐 여기로~', 1),
  (7, '과거와 현재 중 어떤 것을 중요하게 생각하시나요?', 1);


INSERT INTO answer (answer_id, content, question_id)
VALUES
  -- Question 1
  (1, '역시 돈이 최고지~!~~!!!', 1),
  (2, '무슨 소리야 명예가 있어야지', 1),
  (3, '달달한 성공', 1),
  (4, '노력은 배신하지 않아 ...', 1),

  -- Question 2
  (5, '천재 한 명이 똑똑한 열 명보다 낫다!', 2),
  (6, '똑똑한 열 명이 천재 한 명보다 낫다!', 2),

  -- Question 3
  (7, '빨강빨강~', 3),
  (8, '스타워즈 칼 색깔은? 주황~', 3),
  (9, '파랑파랑~', 3),
  (10, '스파이더맨 거미줄 색깔은? 초록-!', 3),
  (11, '노랑노랑~', 3),
  (12, '내 심장의 색깔은 블랙', 3),

  -- Question 4
  (13, '공격이지 !', 4),
  (14, '? 당연히 패스지', 4),
  (15, '역시 수비지', 4),
  (16, '아니 팀워크지 ~', 4),

  -- Question 5
  (17, '아니? 결과만 좋으면 돼', 5),
  (18, '당연히 과정이 중요하지', 5),

  -- Question 6
  (19, '장관이네요 절경이고요, 나는 공기 좋은 산 !', 6),
  (20, '와우 여름이다 !!! 바다로 갈랭 ~', 6),

  -- Question 7
  (21, '과거를 잊은 자에겐 미래란 없다 !', 7),
  (22, '현재 is present (한국어로 선물)', 7);

-- Insert data into the 'team1' table
INSERT INTO team1 (team_id, name) VALUES
(1, '울산'),
(2, '포항'),
(3, '제주'),
(4, '전북'),
(5, '서울'),
(6, '대전'),
(7, '대구'),
(8, '인천'),
(9, '강원'),
(10, '광주'),
(11, '수원'),
(12, '김천');



INSERT INTO weight (id, answer_id, team_id, weight_value) VALUES
-- Answer 1
(1, 1, 1, 4), (2, 1, 2, 0), (3, 1, 3, 2), (4, 1, 4, 5), (5, 1, 5, 3), (6, 1, 6, 0), (7, 1, 7, 0), (8, 1, 8, 0), (9, 1, 9, 0), (10, 1, 10, 0), (11, 1, 11, 0), (12, 1, 12, 0),
-- Answer 2
(13, 2, 1, 2), (14, 2, 2, 3), (15, 2, 3, 1), (16, 2, 4, 5), (17, 2, 5, 4), (18, 2, 6, 0), (19, 2, 7, 0), (20, 2, 8, 0), (21, 2, 9, 0), (22, 2, 10, 0), (23, 2, 11, 0), (24, 2, 12, 0),
-- Answer 3
(25, 3, 1, 5), (26, 3, 2, 4), (27, 3, 3, 0), (28, 3, 4, 2), (29, 3, 5, 0), (30, 3, 6, 0), (31, 3, 7, 1), (32, 3, 8, 0), (33, 3, 9, 0), (34, 3, 10, 3), (35, 3, 11, 0), (36, 3, 12, 0),
-- Answer 4
(37, 4, 1, 0), (38, 4, 2, 0), (39, 4, 3, 0), (40, 4, 4, 0), (41, 4, 5, 0), (42, 4, 6, 0), (43, 4, 7, 0), (44, 4, 8, 0), (45, 4, 9, 0), (46, 4, 10, 0), (47, 4, 11, 0), (48, 4, 12, 5),
-- Answer 5
(49, 5, 1, 5), (50, 5, 2, 0), (51, 5, 3, 0), (52, 5, 4, 0), (53, 5, 5, 0), (54, 5, 6, 0), (55, 5, 7, 0), (56, 5, 8, 0), (57, 5, 9, 0), (58, 5, 10, 0), (59, 5, 11, 0), (60, 5, 12, 0),
-- Answer 6
(61, 6, 1, 0), (62, 6, 2, 0), (63, 6, 3, 0), (64, 6, 4, 0), (65, 6, 5, 5), (66, 6, 6, 0), (67, 6, 7, 0), (68, 6, 8, 0), (69, 6, 9, 0), (70, 6, 10, 0), (71, 6, 11, 0), (72, 6, 12, 0),
-- Answer 7
(73, 7, 1, 0), (74, 7, 2, 50), (75, 7, 3, 0), (76, 7, 4, 0), (77, 7, 5, 50), (78, 7, 6, 0), (79, 7, 7, 0), (80, 7, 8, 0), (81, 7, 9, 0), (82, 7, 10, 0), (83, 7, 11, 50), (84, 7, 12, 50),
-- Answer 8
(85, 8, 1, 0), (86, 8, 2, 0), (87, 8, 3, 50), (88, 8, 4, 0), (89, 8, 5, 0), (90, 8, 6, 0), (91, 8, 7, 0), (92, 8, 8, 0), (93, 8, 9, 50), (94, 8, 10, 0), (95, 8, 11, 0), (96, 8, 12, 0),
-- Answer 9
(97, 9, 1, 50), (98, 9, 2, 0), (99, 9, 3, 0), (100, 9, 4, 0), (101, 9, 5, 0), (102, 9, 6, 0), (103, 9, 7, 50), (104, 9, 8, 50), (105, 9, 9, 0), (106, 9, 10, 0), (107, 9, 11, 50), (108, 9, 12, 0);

INSERT INTO weight (id, answer_id, team_id, weight_value) VALUES
-- Answer 10
(109, 10, 1, 0), (110, 10, 2, 0), (111, 10, 3, 0), (112, 10, 4, 50), (113, 10, 5, 0), (114, 10, 6, 50), (115, 10, 7, 0), (116, 10, 8, 0), (117, 10, 9, 0), (118, 10, 10, 0), (119, 10, 11, 0), (120, 10, 12, 0),
-- Answer 11
(121, 11, 1, 50), (122, 11, 2, 0), (123, 11, 3, 0), (124, 11, 4, 0), (125, 11, 5, 0), (126, 11, 6, 0), (127, 11, 7, 0), (128, 11, 8, 0), (129, 11, 9, 0), (130, 11, 10, 50), (131, 11, 11, 0), (132, 11, 12, 0),
-- Answer 12
(133, 12, 1, 0), (134, 12, 2, 50), (135, 12, 3, 0), (136, 12, 4, 0), (137, 12, 5, 50), (138, 12, 6, 0), (139, 12, 7, 0), (140, 12, 8, 50), (141, 12, 9, 0), (142, 12, 10, 0), (143, 12, 11, 0), (144, 12, 12, 0),
-- Answer 13
(145, 13, 1, 5), (146, 13, 2, 0), (147, 13, 3, 0), (148, 13, 4, 0), (149, 13, 5, 0), (150, 13, 6, 5), (151, 13, 7, 0), (152, 13, 8, 0), (153, 13, 9, 0), (154, 13, 10, 0), (155, 13, 11, 0), (156, 13, 12, 0),
-- Answer 14
(157, 14, 1, 0), (158, 14, 2, 0), (159, 14, 3, 0), (160, 14, 4, 5), (161, 14, 5, 0), (162, 14, 6, 0), (163, 14, 7, 0), (164, 14, 8, 0), (165, 14, 9, 0), (166, 14, 10, 0), (167, 14, 11, 0), (168, 14, 12, 0),
-- Answer 15
(169, 15, 1, 0), (170, 15, 2, 0), (171, 15, 3, 0), (172, 15, 4, 0), (173, 15, 5, 0), (174, 15, 6, 0), (175, 15, 7, 0), (176, 15, 8, 0), (177, 15, 9, 0), (178, 15, 10, 5), (179, 15, 11, 0), (180, 15, 12, 0),
-- Answer 16
(181, 16, 1, 0), (182, 16, 2, 5), (183, 16, 3, 0), (184, 16, 4, 0), (185, 16, 5, 0), (186, 16, 6, 0), (187, 16, 7, 0), (188, 16, 8, 0), (189, 16, 9, 0), (190, 16, 10, 0), (191, 16, 11, 0), (192, 16, 12, 0),
-- Answer 17
(193, 17, 1, 10), (194, 17, 2, 10), (195, 17, 3, 0), (196, 17, 4, 0), (197, 17, 5, 0), (198, 17, 6, 0), (199, 17, 7, 0), (200, 17, 8, 0), (201, 17, 9, 0), (202, 17, 10, 0), (203, 17, 11, 0), (204, 17, 12, 0);

INSERT INTO weight (id, answer_id, team_id, weight_value) VALUES
-- Answer 18
(205, 18, 1, 0), (206, 18, 2, 0), (207, 18, 3, 0), (208, 18, 4, 0), (209, 18, 5, 0), (210, 18, 6, 0), (211, 18, 7, 0), (212, 18, 8, 0), (213, 18, 9, 10), (214, 18, 10, 0), (215, 18, 11, 10), (216, 18, 12, 10),
-- Answer 19
(217, 19, 1, 0), (218, 19, 2, 0), (219, 19, 3, 0), (220, 19, 4, 50), (221, 19, 5, 50), (222, 19, 6, 50), (223, 19, 7, 50), (224, 19, 8, 0), (225, 19, 9, 50), (226, 19, 10, 50), (227, 19, 11, 50), (228, 19, 12, 50),
-- Answer 20
(229, 20, 1, 50), (230, 20, 2, 50), (231, 20, 3, 50), (232, 20, 4, 0), (233, 20, 5, 0), (234, 20, 6, 0), (235, 20, 7, 0), (236, 20, 8, 50), (237, 20, 9, 0), (238, 20, 10, 0), (239, 20, 11, 0), (240, 20, 12, 0),
-- Answer 21
(241, 21, 1, 5), (242, 21, 2, 5), (243, 21, 3, 5), (244, 21, 4, 0), (245, 21, 5, 5), (246, 21, 6, 0), (247, 21, 7, 0), (248, 21, 8, 0), (249, 21, 9, 0), (250, 21, 10, 0), (251, 21, 11, 0), (252, 21, 12, 5),
-- Answer 22
(253, 22, 1, 0), (254, 22, 2, 0), (255, 22, 3, 0), (256, 22, 4, 5), (257, 22, 5, 0), (258, 22, 6, 5), (259, 22, 7, 5), (260, 22, 8, 5), (261, 22, 9, 5), (262, 22, 10, 5), (263, 22, 11, 5), (264, 22, 12, 0);




